 40.09375
 37.796875
 30.1875
 23.53125
 24.609375
 26.609375
 26.625
 29.671875
 27.734375
 28.828125
 25.453125
 23.90625
 25.125
 38.90625
 39.40625
 39.359375
 39.90625
 39.421875
 4.796875
 33.78125
 19.109375
 4.875
 32.25
 4.8125
 5.078125
 4.90625
 5.46875
 5.25
 5.65625
 4.953125
 15.234375
 15.578125
 50.421875
 16.875
 15.234375
 16.03125
 16.359375
 123.90625
 126.109375
 127.09375
 122.640625
 122.640625
 121.40625
 122.703125
 120.828125
 115.546875
 114.9375
 105.875
 70.09375
 74.921875
 64.609375
 68.03125
 86.234375
 91.78125
 92.578125
 95.203125
 95.1875
 92.90625
 92.875
 98.109375
 164.796875
 138.796875
 145.234375
 149.90625
 147.34375
 145.46875
 143.109375
 147.703125
 147.40625
 143.015625
 139.625
 134.828125
 142.609375
 189.796875
 182.21875
 182.640625
 181.390625
 138.1875
 146.6875
 179.5
 168.125
 163.046875
 162.90625
 164.640625
 165.390625
 169.5
 178.984375
 176.859375
 176.71875
 178.59375
 43.15625
 39.140625
 39.046875
 39.984375
 39.8125
 38.15625
 41.203125
 39.671875
 40.015625
 39.890625
 39.328125
 38.28125
 39.015625
 39.15625
 39.546875
 37.9375
 38.625
 38.859375
 38.8125
 39.765625
 38.109375
 37.734375
 38.828125
 39.609375
 37.796875
 39.171875
 39.78125
 37.921875
 39.78125
 37.984375
 125.796875
 108.53125
 77.0
 73.453125
 70.890625
 82.53125
 85.15625
 87.921875
 69.546875
 66.890625
