 128.25
 104.84375
 99.0
 111.0625
 106.5
 104.40625
 108.234375
 115.15625
 135.421875
 129.1875
 39.515625
 40.296875
 40.71875
 40.0
 40.53125
 39.359375
 42.96875
 44.359375
 43.46875
 43.453125
 140.734375
 123.375
 115.875
 121.125
 126.96875
 125.0625
 124.171875
 131.171875
 102.53125
 140.0
 42.109375
 42.0
 42.296875
 41.890625
 40.515625
 41.828125
 42.875
 43.0625
 42.8125
 42.65625
 142.078125
 138.875
 137.9375
 140.453125
 139.75
 141.859375
 139.40625
 139.671875
 142.328125
 140.671875
 42.890625
 41.171875
 41.703125
 41.015625
 41.015625
 40.890625
 41.5
 42.0625
 42.453125
 42.359375
 334.328125
 358.0625
 355.1875
 354.6875
 345.515625
 296.09375
 306.515625
 293.84375
 307.640625
 306.96875
 96.28125
 116.328125
 121.796875
 120.09375
 122.3125
 121.734375
 123.46875
 121.5625
 123.421875
 118.71875
 407.515625
 396.5625
 385.734375
 344.890625
 352.84375
 320.359375
 334.59375
 323.90625
 281.9375
 322.4375
 95.4375
 84.90625
 86.765625
 93.5
 111.125
 114.421875
 113.71875
 115.046875
 116.109375
 114.8125
 316.078125
 378.59375
 411.921875
 386.984375
 387.34375
 385.890625
 384.65625
 389.078125
 385.84375
 388.28125
 115.578125
 114.953125
 117.046875
 116.015625
 116.125
 115.5625
 115.75
 115.015625
 115.921875
 116.96875
 586.96875
 541.046875
 540.84375
 568.75
 576.25
 585.1875
 572.171875
 647.21875
 639.984375
 588.921875
 148.796875
 185.828125
 188.359375
 188.34375
 191.046875
 153.734375
 150.671875
 142.21875
 184.0
 192.984375
 642.390625
 626.484375
 562.34375
 486.6875
 619.5625
 636.578125
 644.328125
 545.90625
 604.015625
 353.078125
 183.109375
 185.625
 158.96875
 110.703125
 139.4375
 137.78125
 125.640625
 167.546875
 132.890625
 160.515625
 381.03125
 538.625
 538.46875
 581.53125
 552.390625
 575.515625
 369.984375
 339.515625
 596.546875
 553.265625
 172.71875
 171.640625
 171.203125
 169.171875
 138.4375
 162.59375
 162.953125
 159.921875
 161.0625
 161.0625


