 135.796875
 139.53125
 87.9375
 79.375
 83.625
 77.140625
 84.5625
 87.0
 79.9375
 89.3125
 77.96875
 82.28125
 123.171875
 144.46875
 150.125
 149.484375
 150.046875
 147.0625
 148.015625
 150.890625
 146.296875
 141.390625
 145.625
 145.328125
 144.78125
 140.1875
 146.609375
 144.734375
 146.53125
 144.03125
 429.203125
 421.953125
 402.421875
 411.984375
 432.890625
 428.765625
 435.21875
 440.25
 536.421875
 402.34375
 340.53125
 364.09375
 366.921875
 371.8125
 366.953125
 351.3125
 309.1875
 249.46875
 264.203125
 250.9375
 238.5625
 240.953125
 249.125
 249.3125
 252.53125
 331.296875
 333.328125
 366.578125
 362.625
 399.671875
 609.109375
 607.671875
 603.203125
 495.734375
 376.8125
 598.21875
 574.46875
 594.84375
 585.453125
 577.0
 579.1875
 580.828125
 584.296875
 590.78125
 582.859375
 571.53125
 576.96875
 598.671875
 529.109375
 371.359375
 324.953125
 354.90625
 569.6875
 531.03125
 479.125
 607.171875
 599.359375
 601.296875
 613.625
 608.046875
